version https://git-lfs.github.com/spec/v1
oid sha256:132637ee34d7e5dd51470cfe3a6f6bf1b3064d7abefbc7449aed778b298d711e
size 151887
